-64
16
6
28
98
42
38
69
73
63
-100
32
84
91
33
46
78
55
82
83
39
43
37
1
89
25
26
67
5
61
93
76
60
97
2
-94
57
59
41
79
27
3
54
74
77
47
9
85
30
81
0
21
66
15
22
53
80
13
-68
48
29
8
90
96
7
56
50
18
62
23
10
58
35
75
70
92
19
88
20
44
45
40
65
71
87
52
36
-99
11
72
49
86
17
14
34
51
24
4
31
12
251
921
35
526
666
732
895
551
555
460
435
548
30
335
392
571
128
813
305
167
439
797
45
629
598
886
550
336
654
224
46
773
597
728
982
132
496
477
847
833
582
899
860
86
874
878
817
960
596
41
587
0
748
704
476
283
64
171
5
452
792
448
42
770
620
701
788
274
754
21
840
602
295
504
260
713
216
857
361
54
954
798
897
234
437
445
669
356
942
471
139
733
709
217
750
859
1
655
246
381
131
888
406
463
141
531
722
846
160
975
779
782
903
284
276
922
156
217
858
825
653
387
995
439
282
129
285
637
516
824
785
307
857
875
187
9
319
42
754
771
374
798
725
886
756
997
336
854
789
503
675
109
165
996
38
987
430
640
403
889
719
257
143
872
603
318
298
151
633
988
398
455
981
582
836
679
417
27
851
483
475
128
273
279
774
841
306
891
416
625
205
375
12
359
506
799
920
871
780
816
